# position.dat
#
# Position data for simulation of WSN nodes
# Automatically generated with Python
# Version: 0.06, 2009-10-09
# Author: Marcus Lundén, SICS
# email: marcus.lunden@gmail.com
#
# Model used: Random Waypoint model
# Number of nodes: 15
# Time [s]: 600.0 seconds
# Min speed [m/s]: 1.0
# Max speed [m/s]: 4.0
# Min pause time [s]: 2.0
# Max pause time [s]: 10.0
# Currently disregarding the first 10.0 seconds
# Resolution [s]: 0.2
# Maximum X-size [m]: 150.0
# Maximum Y-size [m]: 150.0
# Note that nodes index here start at zero due to Cooja input format.
#    However, the nodes are indexed >=1 in stats file.
#
#==========================================
0   0.0    44.04135382  2.0
1   0.0    39.18228715   2.0
2   0.0    117.4189945   2.0
3   0.0    78.38231635   2.0
4   0.0    57.93178006   2.0
5   0.0    117.0559925   2.0
6   0.0    75.33715692   2.0
7   0.0    9.043494277   2.0
8   0.0    56.71956585   2.0
9   0.0    86.00870770   2.0
10  0.0    41.90244644   2.0
11  0.0    38.20674093   2.0
12  0.0    126.2743253   2.0
13  0.0    136.5746413   2.0
14  0.0    71.70379571   2.0
15  0.0    44.34474952   2.0
16  0.0    39.91077717   2.0
17  0.0    116.7841111   2.0
18  0.0    77.61882360   2.0
19  0.0    57.87490442   2.0
20  0.0    116.7292612   2.0
21  0.0    74.70350633   2.0
22  0.0    8.905761540   2.0
23  0.0    56.54493289   2.0
24  0.0    85.73116551   2.0
25  0.0   41.712932527   2.0
26  0.0   38.34702394    2.0
27  0.0   125.76224570   2.0
28  0.0   136.74604307   2.0
29  0.0   72.333731298   2.0
30  0.0  44.6481452258   2.0
31  0.0  40.6392671957   2.0
32  0.0  116.149227814   2.0
33  0.0  76.8553308533   2.0
34  0.0  57.8180287914   2.0
35  0.0  116.40252996    2.0
36  0.0  74.0698557412   2.0
37  0.0  8.76802880379   2.0
38  0.0  56.3702999405   2.0
39  0.0  85.4536233213   2.0
40  0.0   41.523418606   2.0
41  0.0   38.487306948   2.0
42  0.0   125.25016602   2.0
43  0.0   136.91744480   2.0
44  0.0   72.963666877   2.0
45  0.0  44.9515409269   2.0
46  0.0  41.3677572181   2.0
47  0.0  115.514344433   2.0
48  0.0  76.0918381025   2.0
49  0.0  57.7611531559   2.0
50  0.0  116.075798652   2.0
51  0.0  73.4362051493   2.0
52  0.0  8.63029606693   2.0
53  0.0  56.1956669831   2.0
54  0.0  85.1760811304   2.0
55  0.0   41.333904684   2.0
56  0.0   38.627589956   2.0
57  0.0   124.73808634   2.0
58  0.0   137.08884654   2.0
59  0.0   73.593602456   2.0
60  0.0  45.2549366281   2.0
61  0.0  42.0962472404   2.0
62  0.0  114.879461053   2.0
63  0.0  75.3283453516   2.0
64  0.0  57.7042775203   2.0
65  0.0  115.749067344   2.0
66  0.0  72.8025545573   2.0
67  0.0  8.49256333007   2.0
68  0.0  56.0210340257   2.0
69  0.0  84.8985389395   2.0
70  0.0   41.144390763   2.0
71  0.0   38.767872965   2.0
72  0.0   124.22600666   2.0
73  0.0   137.26024827   2.0
74  0.0   74.223538035   2.0
75  0.0  45.5583323292   2.0
76  0.0  42.8247372628   2.0
77  0.0  114.244577672   2.0
78  0.0  74.5648526008   2.0
79  0.0  57.6474018847   2.0
80  0.0  115.422336036   2.0
81  0.0  72.1689039653   2.0
82  0.0  8.3548305932    2.0
83  0.0  55.8464010683   2.0
84  0.0  84.6209967486   2.0
85  0.0   40.954876842   2.0
86  0.0   38.908155973   2.0
87  0.0   123.71392699   2.0
88  0.0   137.43165000   2.0
89  0.0   74.853473613   2.0
90  0.0  45.8617280303   2.0
91  0.0  43.5532272852   2.0
92  0.0  113.609694292   2.0
93  0.0  73.80135985 8   2.0
94  0.0  57.5905262492   2.0
95  0.0  115.095604729   2.0
96  0.0  71.5352533734   2.0
97  0.0  8.21709785634   2.0
98  0.0  55.6717681109   2.0
99  0.0  84.3434545576   2.0
100 0.0   40.765362920   2.0
101 0.0   39.048438982   2.0
102 0.0   123.20184731   2.0
103 0.0   137.60305174   2.0
104 0.0   75.483409192   2.0
105 0.0  46.1651237314   2.0
106 0.0  44.2817173076   2.0
107 0.0  112.974810911   2.0
108 0.0  73.0378670991   2.0
109 0.0  57.5336506136   2.0
110 0.0  114.768873421   2.0
111 0.0  70.9016027814   2.0
112 0.0  8.07936511948   2.0
113 0.0  55.4971351535   2.0
114 0.0  84.0659123667   2.0
115 0.0   40.575848999   2.0
116 0.0   39.188721990   2.0
117 0.0   122.68976763   2.0
118 0.0   137.77445347   2.0
119 0.0   76.113344771   2.0
120 0.0  46.4685194325   2.0
121 0.0  45.0102073299   2.0
122 0.0  112.339927531   2.0
123 0.0  72.2743743483   2.0
124 0.0  57.476774978    2.0
125 0.0  114.442142113   2.0
126 0.0  70.2679521894   2.0
127 0.0  7.94163238261   2.0
128 0.0  55.3225021962   2.0
129 0.0  83.7883701758   2.0
130 0.0   40.386335077   2.0
131 0.0   39.329004998   2.0
132 0.0   122.17768795   2.0
133 0.0   137.94585520   2.0
134 0.0   76.743280350   2.0
135 0.0  46.7719151337   2.0
136 0.0  45.7386973523   2.0
137 0.0  111.70504415    2.0
138 0.0  71.5108815975   2.0
139 0.0  57.4198993425   2.0
140 0.0  114.115410805   2.0
141 0.0  69.6343015975   2.0
142 0.0  7.80389964575   2.0
143 0.0  55.1478692388   2.0
144 0.0  83.5108279849   2.0
145 0.0   40.196821156   2.0
146 0.0   39.469288007   2.0
147 0.0   121.66560827   2.0
148 0.0   138.11725694   2.0
149 0.0   77.373215929   2.0
150 0.0  47.0753108348   2.0
151 0.0  46.4671873747   2.0
152 0.0  111.070160769   2.0
153 0.0  70.7473888466   2.0
154 0.0  57.3630237069   2.0
155 0.0  113.788679497   2.0
156 0.0  69.0006510055   2.0
157 0.0  7.66616690888   2.0
158 0.0  54.9732362814   2.0
159 0.0  83.233285794    2.0
160 0.0   40.007307234   2.0
161 0.0   39.609571015   2.0
162 0.0   121.15352859   2.0
163 0.0   138.28865867   2.0
164 0.0   78.003151508   2.0
165 0.0  47.3787065359   2.0
166 0.0  47.1956773971   2.0
167 0.0  110.435277389   2.0
168 0.0  69.9838960958   2.0
169 0.0  57.3061480713   2.0
170 0.0  113.461948189   2.0
171 0.0  68.3670004136   2.0
172 0.0  7.52843417202   2.0
173 0.0  54.798603324    2.0
174 0.0  82.9557436031   2.0
175 0.0   39.817793313   2.0
176 0.0   39.749854024   2.0
177 0.0   120.64144891   2.0
178 0.0   138.46006040   2.0
179 0.0   78.633087087   2.0
180 0.0  47.682102237    2.0
181 0.0  47.9241674195   2.0
182 0.0  109.800394008   2.0
183 0.0  69.220403345    2.0
184 0.0  57.2492724358   2.0
185 0.0  113.135216881   2.0
186 0.0  67.7333498216   2.0
187 0.0  7.39070143516   2.0
188 0.0  54.6239703666   2.0
189 0.0  82.6782014122   2.0
190 0.0   39.628279391   2.0
191 0.0   39.890137032   2.0
192 0.0   120.12936923   2.0
193 0.0   138.63146214   2.0
194 0.0   79.263022666   2.0
195 0.0  47.9854979381   2.0
196 0.0  48.6526574418   2.0
197 0.0  109.165510628   2.0
198 0.0  68.4569105941   2.0
199 0.0  57.1923968002   2.0
0   0.1  112.808485574   10.121
1   0.1  67.0996992296   10.121
2   0.1  7.25296869829   10.121
3   0.1  54.4493374092   10.121
4   0.1  82.4006592213   10.121
5   0.1   39.438765470   10.121
6   0.1   40.030420040   10.121
7   0.1   119.61728956   10.121
8   0.1   138.80286387   10.121
9   0.1   79.892958244   10.121
10  0.1  48.2888936392   10.121
11  0.1  49.3811474642   10.121
12  0.1  108.530627247   10.121
13  0.1  67.6934178433   10.121
14  0.1  57.1355211646   10.121
15  0.1  112.481754266   10.121
16  0.1  66.4660486377   10.121
17  0.1  7.11523596143   10.121
18  0.1  54.2747044518   10.121
19  0.1  82.1231170304   10.121
20  0.1   39.249251548   10.121
21  0.1   40.170703049   10.121
22  0.1   119.10520988   10.121
23  0.1   138.97426560   10.121
24  0.1   80.522893823   10.121
25  0.1  48.5922893404   10.121
26  0.1  50.1096374866   10.121
27  0.1  107.895743867   10.121
28  0.1  66.9299250925   10.121
29  0.1  57.0786455291   10.121
30  0.1  112.155022958   10.121
31  0.1  65.8323980457   10.121
32  0.1  6.97750322457   10.121
33  0.1  54.1000714944   10.121
34  0.1  81.8455748395   10.121
35  0.1   39.059737627   10.121
36  0.1   40.310986057   10.121
37  0.1   118.59313020   10.121
38  0.1   139.14566734   10.121
39  0.1   81.152829402   10.121
40  0.1  48.8956850415   10.121
41  0.1  50.838127509    10.121
42  0.1  107.260860486   10.121
43  0.1  66.1664323416   10.121
44  0.1  57.0217698935   10.121
45  0.1  111.82829165    10.121
46  0.1  65.1987474537   10.121
47  0.1  6.8397704877    10.121
48  0.1  53.9254385371   10.121
49  0.1  81.5680326485   10.121
50  0.1   38.870223705   10.121
51  0.1   40.451269066   10.121
52  0.1   118.59313020   10.121
53  0.1   139.31706907   10.121
54  0.1   81.782764981   10.121
55  0.1  49.1990807426   10.121
56  0.1  51.5666175313   10.121
57  0.1  106.625977106   10.121
58  0.1  65.4029395908   10.121
59  0.1  56.9648942579   10.121
60  0.1  111.501560342   10.121
61  0.1  64.5650968618   10.121
62  0.1  6.70203775084   10.121
63  0.1  53.7508055797   10.121
64  0.1  81.2904904576   10.121
65  0.1   38.680709784   10.121
66  0.1   40.591552074   10.121
67  0.1   118.59313020   10.121
68  0.1   139.48847080   10.121
69  0.1   82.412700560   10.121
70  0.1  49.5024764437   10.121
71  0.1  52.2951075537   10.121
72  0.1  105.991093725   10.121
73  0.1  64.63944684 8   10.121
74  0.1  56.9080186224   10.121
75  0.1  111.174829034   10.121
76  0.1  63.9314462698   10.121
77  0.1  6.56430501398   10.121
78  0.1  53.5761726223   10.121
79  0.1  81.0129482667   10.121
80  0.1   38.491195862   10.121
81  0.1   40.731835082   10.121
82  0.1   118.59313020   10.121
83  0.1   139.65987254   10.121
84  0.1   83.042636139   10.121
85  0.1  49.8058721448   10.121
86  0.1  53.0235975761   10.121
87  0.1  105.356210344   10.121
88  0.1  63.8759540891   10.121
89  0.1  56.8511429868   10.121
90  0.1  110.848097726   10.121
91  0.1  63.2977956779   10.121
92  0.1  6.42657227711   10.121
93  0.1  53.4015396649   10.121
94  0.1  80.7354060758   10.121
95  0.1   38.301681941   10.121
96  0.1   40.872118091   10.121
97  0.1   118.59313020   10.121
98  0.1   139.83127427   10.121
99  0.1   83.672571718   10.121
100 0.1  50.109267846    10.121
101 0.1  53.7520875985   10.121
102 0.1  104.721326964   10.121
103 0.1  63.1124613383   10.121
104 0.1  56.7942673512   10.121
105 0.1  110.521366419   10.121
106 0.1  62.6641450859   10.121
107 0.1  6.28883954025   10.121
108 0.1  53.2269067075   10.121
109 0.1  80.4578638849   10.121
110 0.1   38.11216802    10.121
111 0.1   41.012401099   10.121
112 0.1   118.59313020   10.121
113 0.1   140.00267600   10.121
114 0.1   84.302507296   10.121
115 0.1  50.4126635471   10.121
116 0.1  54.4805776208   10.121
117 0.1  104.086443583   10.121
118 0.1  62.3489685875   10.121
119 0.1  56.7373917156   10.121
120 0.1  110.194635111   10.121
121 0.1  62.0304944939   10.121
122 0.1  6.15110680339   10.121
123 0.1  53.0522737501   10.121
124 0.1  80.180321694    10.121
125 0.1   37.922654098   10.121
126 0.1   41.152684107   10.121
127 0.1   118.59313020   10.121
128 0.1   140.17407774   10.121
129 0.1   84.932442875   10.121
130 0.1  50.7160592482   10.121
131 0.1  55.2090676432   10.121
132 0.1  103.451560203   10.121
133 0.1  61.5854758366   10.121
134 0.1  56.6805160801   10.121
135 0.1  109.867903803   10.121
136 0.1  61.396843902    10.121
137 0.1  6.01337406652   10.121
138 0.1  52.8776407927   10.121
139 0.1  79.9027795031   10.121
140 0.1   37.733140177   10.121
141 0.1   41.292967116   10.121
142 0.1   118.59313020   10.121
143 0.1   140.34547947   10.121
144 0.1   85.562378454   10.121
145 0.1  51.0194549493   10.121
146 0.1  55.9375576656   10.121
147 0.1  102.816676822   10.121
148 0.1  60.8219830858   10.121
149 0.1  56.6236404445   10.121
150 0.1  109.541172495   10.121
151 0.1  60.76319331 2   10.121
152 0.1  5.87564132966   10.121
153 0.1  52.7030078353   10.121
154 0.1  79.6252373122   10.121
155 0.1   37.543626255   10.121
156 0.1   41.433250124   10.121
157 0.1   118.59313020   10.121
158 0.1   140.51688120   10.121
159 0.1   86.192314033   10.121
160 0.1  51.3228506504   10.121
161 0.1  56.666047688    10.121
162 0.1  102.181793442   10.121
163 0.1  60.058490335    10.121
164 0.1  56.5667648089   10.121
165 0.1  109.214441187   10.121
166 0.1  60.1295427181   10.121
167 0.1  5.73790859279   10.121
168 0.1  52.5283748779   10.121
169 0.1  79.3476951213   10.121
170 0.1   37.354112334   10.121
171 0.1   41.573533133   10.121
172 0.1   118.59313020   10.121
173 0.1   140.68828294   10.121
174 0.1   86.822249612   10.121
175 0.1  51.6262463516   10.121
176 0.1  57.3945377103   10.121
177 0.1  101.546910061   10.121
178 0.1  59.2949975841   10.121
179 0.1  56.5098891734   10.121
180 0.1  108.887709879   10.121
181 0.1  59.4958921261   10.121
182 0.1  5.60017585593   10.121
183 0.1  52.3537419206   10.121
184 0.1  79.0701529304   10.121
185 0.1   37.164598412   10.121
186 0.1   41.713816141   10.121
187 0.1   118.59313020   10.121
188 0.1   140.85968467   10.121
189 0.1   87.452185191   10.121
190 0.1  51.9296420527   10.121
191 0.1  58.1230277327   10.121
192 0.1  100.912026681   10.121
193 0.1  58.5315048333   10.121
194 0.1  56.4530135378   10.121
195 0.1  108.560978571   10.121
196 0.1  58.8622415341   10.121
197 0.1  5.46244311907   10.121
198 0.1  52.1791089632   10.121
199 0.1  78.7926107394   10.121
0   0.2   36.975084491   11.132456
1   0.2   41.854099149   11.132456
2   0.2   118.59313020   11.132456
3   0.2   141.03108640   11.132456
4   0.2   88.082120770   11.132456
5   0.2  52.2330377538   11.132456
6   0.2  58.8515177551   11.132456
7   0.2  100.2771433 1   11.132456
8   0.2  57.7680120824   11.132456
9   0.2  56.3961379022   11.132456
10  0.2  108.234247264   11.132456
11  0.2  58.2285909422   11.132456
12  0.2  5.3247103822    11.132456
13  0.2  52.0044760058   11.132456
14  0.2  78.5150685485   11.132456
15  0.2   36.785570569   11.132456
16  0.2   41.994382158   11.132456
17  0.2   118.59313020   11.132456
18  0.2   141.20248814   11.132456
19  0.2   88.712056349   11.132456
20  0.2  52.5364334549   11.132456
21  0.2  59.5800077775   11.132456
22  0.2  99.6422599195   11.132456
23  0.2  57.0045193316   11.132456
24  0.2  56.3392622667   11.132456
25  0.2  107.907515956   11.132456
26  0.2  57.5949403502   11.132456
27  0.2  5.18697764534   11.132456
28  0.2  51.8298430484   11.132456
29  0.2  78.2375263576   11.132456
30  0.2   36.596056648   11.132456
31  0.2   42.134665166   11.132456
32  0.2   118.59313020   11.132456
33  0.2   141.37388987   11.132456
34  0.2   89.341991927   11.132456
35  0.2  52.839829156    11.132456
36  0.2  60.3084977999   11.132456
37  0.2  99.0073765389   11.132456
38  0.2  56.2410265808   11.132456
39  0.2  56.2823866311   11.132456
40  0.2  107.580784648   11.132456
41  0.2  56.9612897582   11.132456
42  0.2  5.04924490848   11.132456
43  0.2  51.655210091    11.132456
44  0.2  77.9599841667   11.132456
45  0.2   36.406542726   11.132456
46  0.2   42.274948175   11.132456
47  0.2   118.59313020   11.132456
48  0.2   141.54529160   11.132456
49  0.2   89.971927506   11.132456
50  0.2  53.1432248572   11.132456
51  0.2  61.0369878222   11.132456
52  0.2  98.3724931584   11.132456
53  0.2  55.4775338299   11.132456
54  0.2  56.2255109955   11.132456
55  0.2  107.25405334    11.132456
56  0.2  56.3276391663   11.132456
57  0.2  4.91151217161   11.132456
58  0.2  51.4805771336   11.132456
59  0.2  77.6824419758   11.132456
60  0.2   36.217028805   11.132456
61  0.2   42.415231183   11.132456
62  0.2   118.59313020   11.132456
63  0.2   141.71669334   11.132456
64  0.2   90.601863085   11.132456
65  0.2  53.4466205583   11.132456
66  0.2  61.7654778446   11.132456
67  0.2  97.7376097778   11.132456
68  0.2  54.7140410791   11.132456
69  0.2  56.16863536 3   11.132456
70  0.2  106.927322032   11.132456
71  0.2  55.6939885743   11.132456
72  0.2  4.77377943475   11.132456
73  0.2  51.3059441762   11.132456
74  0.2  77.4048997849   11.132456
75  0.2   36.027514883   11.132456
76  0.2   42.555514191   11.132456
77  0.2   118.59313020   11.132456
78  0.2   141.88809507   11.132456
79  0.2   91.231798664   11.132456
80  0.2  53.7500162594   11.132456
81  0.2  62.493967867    11.132456
82  0.2  97.1027263973   11.132456
83  0.2  53.9505483283   11.132456
84  0.2  56.1117597244   11.132456
85  0.2  106.600590724   11.132456
86  0.2  55.0603379824   11.132456
87  0.2  4.63604669789   11.132456
88  0.2  51.1313112188   11.132456
89  0.2  77.127357594    11.132456
90  0.2   35.838000962   11.132456
91  0.2   42.695797200   11.132456
92  0.2   118.59313020   11.132456
93  0.2   142.05949680   11.132456
94  0.2   91.861734243   11.132456
95  0.2  54.0534119605   11.132456
96  0.2  63.2224578894   11.132456
97  0.2  96.4678430167   11.132456
98  0.2  53.1870555774   11.132456
99  0.2  56.0548840888   11.132456
100 0.2  106.273859416   11.132456
101 0.2  54.4266873904   11.132456
102 0.2  4.49831396102   11.132456
103 0.2  50.9566782615   11.132456
104 0.2  76.8498154031   11.132456
105 0.2   35.648487040   11.132456
106 0.2   42.836080208   11.132456
107 0.2   118.59313020   11.132456
108 0.2   142.23089854   11.132456
109 0.2   92.491669822   11.132456
110 0.2  54.3568076616   11.132456
111 0.2  63.9509479117   11.132456
112 0.2  95.8329596362   11.132456
113 0.2  52.4235628266   11.132456
114 0.2  55.9980084533   11.132456
115 0.2  105.947128109   11.132456
116 0.2  53.7930367984   11.132456
117 0.2  4.36058122416   11.132456
118 0.2  50.7820453041   11.132456
119 0.2  76.5722732122   11.132456
120 0.2   35.458973119   11.132456
121 0.2   42.976363217   11.132456
122 0.2   118.61104432   11.132456
123 0.2   142.40230027   11.132456
124 0.2   93.121605401   11.132456
125 0.2  54.6602033627   11.132456
126 0.2  64.6794379341   11.132456
127 0.2  95.1980762556   11.132456
128 0.2  51.6600700758   11.132456
129 0.2  55.9411328177   11.132456
130 0.2  105.620396801   11.132456
131 0.2  53.1593862065   11.132456
132 0.2  4.22284848729   11.132456
133 0.2  50.6074123467   11.132456
134 0.2  76.2947310213   11.132456
135 0.2   35.269459198   11.132456
136 0.2   43.116646225   11.132456
137 0.2   118.62895844   11.132456
138 0.2   142.57370200   11.132456
139 0.2   93.751540979   11.132456
140 0.2  54.9635990639   11.132456
141 0.2  65.4079279565   11.132456
142 0.2  94.5631928751   11.132456
143 0.2  50.8965773249   11.132456
144 0.2  55.8842571821   11.132456
145 0.2  105.293665493   11.132456
146 0.2  52.5257356145   11.132456
147 0.2  4.08511575043   11.132456
148 0.2  50.4327793893   11.132456
149 0.2  76.0171888304   11.132456
150 0.2   35.079945276   11.132456
151 0.2   43.256929233   11.132456
152 0.2   118.64687257   11.132456
153 0.2   142.74510374   11.132456
154 0.2   94.381476558   11.132456
155 0.2  55.266994765    11.132456
156 0.2  66.1364179789   11.132456
157 0.2  93.9283094945   11.132456
158 0.2  50.1330845741   11.132456
159 0.2  55.8273815466   11.132456
160 0.2  104.966934185   11.132456
161 0.2  51.8920850226   11.132456
162 0.2  3.94738301357   11.132456
163 0.2  50.2581464319   11.132456
164 0.2  75.7396466394   11.132456
165 0.2   34.890431355   11.132456
166 0.2   43.397212242   11.132456
167 0.2   118.66478669   11.132456
168 0.2   142.91650547   11.132456
169 0.2   95.011412137   11.132456
170 0.2  55.5703904661   11.132456
171 0.2  66.8649080012   11.132456
172 0.2  93.2934261139   11.132456
173 0.2  49.3695918233   11.132456
174 0.2  55.770505911    11.132456
175 0.2  104.640202877   11.132456
176 0.2  51.2584344306   11.132456
177 0.2  3.8096502767    11.132456
178 0.2  50.0835134745   11.132456
179 0.2  75.4621044485   11.132456
180 0.2   34.700917433   11.132456
181 0.2   43.537495250   11.132456
182 0.2   118.68270081   11.132456
183 0.2   143.08790720   11.132456
184 0.2   95.011412137   11.132456
185 0.2  55.8737861672   11.132456
186 0.2  67.5933980236   11.132456
187 0.2  92.6585427334   11.132456
188 0.2  48.6060990724   11.132456
189 0.2  55.7136302754   11.132456
190 0.2  104.313471569   11.132456
191 0.2  50.6247838386   11.132456
192 0.2  3.67191753984   11.132456
193 0.2  49.9088805171   11.132456
194 0.2  75.1845622576   11.132456
195 0.2   34.511403512   11.132456
196 0.2   43.677778259   11.132456
197 0.2   118.70061493   11.132456
198 0.2   143.25930894   11.132456
199 0.2   95.011412137   11.132456
0   0.3  56.1771818683   21.1234
1   0.3  68.321888046    21.1234
2   0.3  92.0236593528   21.1234
3   0.3  47.8426063216   21.1234
4   0.3  55.6567546399   21.1234
5   0.3  103.986740261   21.1234
6   0.3  49.9911332467   21.1234
7   0.3  3.53418480298   21.1234
8   0.3  49.7342475597   21.1234
9   0.3  74.9070200667   21.1234
10  0.3   34.321889590   21.1234
11  0.3   43.818061267   21.1234
12  0.3   118.71852906   21.1234
13  0.3   143.43071067   21.1234
14  0.3   95.011412137   21.1234
15  0.3  56.4805775695   21.1234
16  0.3  69.0503780684   21.1234
17  0.3  91.3887759723   21.1234
18  0.3  47.0791135708   21.1234
19  0.3  55.5998790043   21.1234
20  0.3  103.660008954   21.1234
21  0.3  49.3574826547   21.1234
22  0.3  3.39645206611   21.1234
23  0.3  49.5596146024   21.1234
24  0.3  74.6294778758   21.1234
25  0.3   34.132375669   21.1234
26  0.3   43.958344275   21.1234
27  0.3   118.73644318   21.1234
28  0.3   143.60211240   21.1234
29  0.3   95.011412137   21.1234
30  0.3  56.7839732706   21.1234
31  0.3  69.7788680908   21.1234
32  0.3  90.7538925917   21.1234
33  0.3  46.3156208199   21.1234
34  0.3  55.5430033687   21.1234
35  0.3  103.333277646   21.1234
36  0.3  48.7238320627   21.1234
37  0.3  3.25871932925   21.1234
38  0.3  49.384981645    21.1234
39  0.3  74.3519356849   21.1234
40  0.3   33.942861747   21.1234
41  0.3   44.098627284   21.1234
42  0.3   118.75435730   21.1234
43  0.3   143.77351414   21.1234
44  0.3   95.011412137   21.1234
45  0.3  57.0873689717   21.1234
46  0.3  70.5073581131   21.1234
47  0.3  90.1190092112   21.1234
48  0.3  45.5521280691   21.1234
49  0.3  55.4861277332   21.1234
50  0.3  103.006546338   21.1234
51  0.3  48.0901814708   21.1234
52  0.3  3.12098659239   21.1234
53  0.3  49.2103486876   21.1234
54  0.3  74.074393494    21.1234
55  0.3   33.753347826   21.1234
56  0.3   44.238910292   21.1234
57  0.3   118.77227142   21.1234
58  0.3   143.94491587   21.1234
59  0.3   95.011412137   21.1234
60  0.3  57.3907646728   21.1234
61  0.3  71.2358481355   21.1234
62  0.3  89.4841258306   21.1234
63  0.3  44.7886353183   21.1234
64  0.3  55.4292520976   21.1234
65  0.3  102.67981503    21.1234
66  0.3  47.4565308788   21.1234
67  0.3  2.98325385552   21.1234
68  0.3  49.0357157302   21.1234
69  0.3  73.7968513031   21.1234
70  0.3   33.563833904   21.1234
71  0.3   44.379193301   21.1234
72  0.3   118.79018555   21.1234
73  0.3   144.11631760   21.1234
74  0.3   95.011412137   21.1234
75  0.3  57.6941603739   21.1234
76  0.3  71.9643381579   21.1234
77  0.3  88.8492424501   21.1234
78  0.3  44.0251425674   21.1234
79  0.3  55.372376462    21.1234
80  0.3  102.353083722   21.1234
81  0.3  46.8228802869   21.1234
82  0.3  2.84552111866   21.1234
83  0.3  48.8610827728   21.1234
84  0.3  73.5193091122   21.1234
85  0.3   33.374319983   21.1234
86  0.3   44.519476309   21.1234
87  0.3   118.80809967   21.1234
88  0.3   144.28771934   21.1234
89  0.3   95.011412137   21.1234
90  0.3  57.9975560751   21.1234
91  0.3  72.6928281803   21.1234
92  0.3  88.2143590695   21.1234
93  0.3  43.2616498166   21.1234
94  0.3  55.3155008265   21.1234
95  0.3  102.026352414   21.1234
96  0.3  46.1892296949   21.1234
97  0.3  2.70778838179   21.1234
98  0.3  48.6864498154   21.1234
99  0.3  73.2417669213   21.1234
100 0.3   33.184806061   21.1234
101 0.3   44.659759317   21.1234
102 0.3   118.82601379   21.1234
103 0.3   144.45912107   21.1234
104 0.3   95.011412137   21.1234
105 0.3  58.3009517762   21.1234
106 0.3  73.4213182026   21.1234
107 0.3  87.579475689    21.1234
108 0.3  42.4981570658   21.1234
109 0.3  55.2586251909   21.1234
110 0.3  101.699621106   21.1234
111 0.3  45.5555791029   21.1234
112 0.3  2.57005564493   21.1234
113 0.3  48.511816858    21.1234
114 0.3  72.9642247303   21.1234
115 0.3   32.995292140   21.1234
116 0.3   44.800042326   21.1234
117 0.3   118.84392791   21.1234
118 0.3   144.63052280   21.1234
119 0.3   95.011412137   21.1234
120 0.3  58.6043474773   21.1234
121 0.3  74.149808225    21.1234
122 0.3  86.9445923084   21.1234
123 0.3  41.7346643149   21.1234
124 0.3  55.2017495553   21.1234
125 0.3  101.372889799   21.1234
126 0.3  44.921928511    21.1234
127 0.3  2.43232290807   21.1234
128 0.3  48.3371839006   21.1234
129 0.3  72.6866825394   21.1234
130 0.3   32.805778218   21.1234
131 0.3   44.940325334   21.1234
132 0.3   118.84392791   21.1234
133 0.3   144.80192454   21.1234
134 0.3   95.011412137   21.1234
135 0.3  58.9077431784   21.1234
136 0.3  74.8782982474   21.1234
137 0.3  86.3097089278   21.1234
138 0.3  40.9711715641   21.1234
139 0.3  55.1448739198   21.1234
140 0.3  101.046158491   21.1234
141 0.3  44.288277919    21.1234
142 0.3  2.2945901712    21.1234
143 0.3  48.1625509433   21.1234
144 0.3  72.4091403485   21.1234
145 0.3   32.616264297   21.1234
146 0.3   45.080608343   21.1234
147 0.3   118.84392791   21.1234
148 0.3   144.97332627   21.1234
149 0.3   95.011412137   21.1234
150 0.3   59.211138879   21.1234
151 0.3   75.606788269   21.1234
152 0.3   85.674825547   21.1234
153 0.3   40.207678813   21.1234
154 0.3   55.087998284   21.1234
155 0.3   100.71942718   21.1234
156 0.3   43.654627327   21.1234
157 0.3   2.1568574343   21.1234
158 0.3   47.987917985   21.1234
159 0.3   72.131598157   21.1234
160 0.3  0 32.42675037   21.1234
161 0.3  0 45.22089135   21.1234
162 0.3  0 118.8439279   21.1234
163 0.3  0 145.1447280   21.1234
164 0.3  0 94.52557681   21.1234
165 0.3   59.514534580   21.1234
166 0.3   76.335278292   21.1234
167 0.3   85.039942166   21.1234
168 0.3   39.444186062   21.1234
169 0.3   55.031122648   21.1234
170 0.3   100.39269587   21.1234
171 0.3   43.020976735   21.1234
172 0.3   2.0191246974   21.1234
173 0.3   47.813285028   21.1234
174 0.3   71.854055966   21.1234
175 0.3  2 32.23723645   21.1234
176 0.3  2 45.36117435   21.1234
177 0.3  2 118.8439279   21.1234
178 0.3  2 145.3161297   21.1234
179 0.3  2 94.03974148   21.1234
180 0.3   59.817930281   21.1234
181 0.3   77.063768314   21.1234
182 0.3   84.405058786   21.1234
183 0.3   38.680693311   21.1234
184 0.3   54.974247013   21.1234
185 0.3   100.06596456   21.1234
186 0.3   42.387326143   21.1234
187 0.3   2.0191246974   21.1234
188 0.3   47.638652071   21.1234
189 0.3   71.576513775   21.1234
190 0.3  4 32.04772253   21.1234
191 0.3  4 45.50145736   21.1234
192 0.3  4 118.8439279   21.1234
193 0.3  4 145.4875314   21.1234
194 0.3  4 93.55390615   21.1234
195 0.3   60.121325982   21.1234
196 0.3   77.792258336   21.1234
197 0.3   83.770175405   21.1234
198 0.3   37.917200560   21.1234
199 0.3   54.917371377   23.321
0   0.4   99.739233259   34.5647
1   0.4   41.753675551   34.5647
2   0.4   2.0191246974   34.5647
3   0.4   47.464019113   34.5647
4   0.4   71.298971584   34.5647
5   0.4  6 31.85820861   34.5647
6   0.4  6 45.64174037   34.5647
7   0.4  6 118.8439279   34.5647
8   0.4  6 145.6589332   34.5647
9   0.4  6 93.06807083   34.5647
10  0.4   60.424721684   34.5647
11  0.4   78.520748359   34.5647
12  0.4   83.135292025   34.5647
13  0.4   37.153707809   34.5647
14  0.4   54.860495741   34.5647
15  0.4   99.412501951   34.5647
16  0.4   41.120024959   34.5647
17  0.4   2.0191246974   34.5647
18  0.4   47.289386156   34.5647
19  0.4   71.021429394   34.5647
20  0.4  8 31.66869469   34.5647
21  0.4  8 45.78202338   34.5647
22  0.4  8 118.8439279   34.5647
23  0.4  8 145.8303349   34.5647
24  0.4  8 92.58223550   34.5647
25  0.4   60.728117385   34.5647
26  0.4   79.249238381   34.5647
27  0.4   82.500408644   34.5647
28  0.4   36.390215059   34.5647
29  0.4   54.803620106   34.5647
30  0.4   99.085770643   34.5647
31  0.4   40.486374367   34.5647
32  0.4   2.0191246974   34.5647
33  0.4   47.114753198   34.5647
34  0.4   70.743887203   34.5647
35  0.4  0 31.47918076   34.5647
36  0.4  0 45.92230639   34.5647
37  0.4  0 118.8439279   34.5647
38  0.4  0 146.0017366   34.5647
39  0.4  0 92.09640018   34.5647
40  0.4   61.031513086   34.5647
41  0.4   79.977728404   34.5647
42  0.4   81.865525264   34.5647
43  0.4   35.626722308   34.5647
44  0.4   54.746744470   34.5647
45  0.4   98.759039335   34.5647
46  0.4   39.852723775   34.5647
47  0.4   2.0191246974   34.5647
48  0.4   46.940120241   34.5647
49  0.4   70.466345012   34.5647
50  0.4  2 31.28966684   34.5647
51  0.4  2 46.06258940   34.5647
52  0.4  2 118.8439279   34.5647
53  0.4  2 146.1731384   34.5647
54  0.4  2 91.61056485   34.5647
55  0.4   61.334908787   34.5647
56  0.4   80.706218426   34.5647
57  0.4   81.230641883   34.5647
58  0.4   34.863229557   34.5647
59  0.4   54.689868835   34.5647
60  0.4   98.432308027   34.5647
61  0.4   39.219073183   34.5647
62  0.4   2.0191246974   34.5647
63  0.4   46.765487284   34.5647
64  0.4   70.188802821   34.5647
65  0.4  4 31.10015292   34.5647
66  0.4  4 46.20287241   34.5647
67  0.4  4 118.8439279   34.5647
68  0.4  4 146.3445401   34.5647
69  0.4  4 91.12472952   34.5647
70  0.4   61.638304488   34.5647
71  0.4   81.434708448   34.5647
72  0.4   80.595758502   34.5647
73  0.4   34.099736806   34.5647
74  0.4   54.632993199   34.5647
75  0.4   98.105576720   34.5647
76  0.4   38.585422591   34.5647
77  0.4   2.0191246974   34.5647
78  0.4   46.590854326   34.5647
79  0.4   69.911260630   34.5647
80  0.4  6 31.10015292   34.5647
81  0.4  6 46.34315541   34.5647
82  0.4  6 118.8439279   34.5647
83  0.4  6 146.5159418   34.5647
84  0.4  6 90.63889420   34.5647
85  0.4   61.941700189   34.5647
86  0.4   82.163198471   34.5647
87  0.4   79.960875122   34.5647
88  0.4   33.336244055   34.5647
89  0.4   54.576117564   34.5647
90  0.4   97.778845412   34.5647
91  0.4   37.951771999   34.5647
92  0.4   2.0191246974   34.5647
93  0.4   46.416221369   34.5647
94  0.4   69.633718439   34.5647
95  0.4  8 31.10015292   34.5647
96  0.4  8 46.48343842   34.5647
97  0.4  8 118.8439279   34.5647
98  0.4  8 146.6873436   34.5647
99  0.4  8 90.15305887   34.5647
100 0.4   62.245095890   34.5647
101 0.4   82.891688493   34.5647
102 0.4   79.325991741   34.5647
103 0.4   32.572751304   34.5647
104 0.4   54.519241928   34.5647
105 0.4   97.452114104   34.5647
106 0.4   37.318121407   34.5647
107 0.4   2.0191246974   34.5647
108 0.4   46.241588412   34.5647
109 0.4   69.356176248   34.5647
110 0.4  0 31.10015292   34.5647
111 0.4  0 46.62372143   34.5647
112 0.4  0 118.2064617   34.5647
113 0.4  0 146.8587453   34.5647
114 0.4  0 89.66722355   34.5647
115 0.4   62.548491591   34.5647
116 0.4   83.620178515   34.5647
117 0.4   78.691108361   34.5647
118 0.4   31.809258554   34.5647
119 0.4   54.462366293   34.5647
120 0.4   97.125382796   34.5647
121 0.4   36.684470815   34.5647
122 0.4   2.0191246974   34.5647
123 0.4   46.066955454   34.5647
124 0.4   69.078634057   34.5647
125 0.4  2 31.10015292   34.5647
126 0.4  2 46.76400444   34.5647
127 0.4  2 117.5689956   34.5647
128 0.4  2 147.0301470   34.5647
129 0.4  2 89.18138822   34.5647
130 0.4   62.851887293   34.5647
131 0.4   84.348668538   34.5647
132 0.4   78.056224980   34.5647
133 0.4   31.045765803   34.5647
134 0.4   54.405490657   34.5647
135 0.4   96.798651488   34.5647
136 0.4   36.050820223   34.5647
137 0.4   2.0191246974   34.5647
138 0.4   45.892322497   34.5647
139 0.4   68.801091866   34.5647
140 0.4  4 31.10015292   34.5647
141 0.4  4 46.90428745   34.5647
142 0.4  4 116.9315294   34.5647
143 0.4  4 147.2015488   34.5647
144 0.4  4 88.69555289   34.5647
145 0.4   63.155282994   34.5647
146 0.4   85.077158560   34.5647
147 0.4   77.421341600   34.5647
148 0.4   30.282273052   34.5647
149 0.4   54.348615021   34.5647
150 0.4   96.471920180   34.5647
151 0.4   35.417169631   34.5647
152 0.4   2.0191246974   34.5647
153 0.4   45.717689539   34.5647
154 0.4   68.523549675   34.5647
155 0.4  6 31.10015292   34.5647
156 0.4  6 47.04457046   34.5647
157 0.4  6 116.2940633   34.5647
158 0.4  6 147.3729505   34.5647
159 0.4  6 88.20971757   34.5647
160 0.4   63.458678695   34.5647
161 0.4   85.805648583   34.5647
162 0.4   76.786458219   34.5647
163 0.4   29.518780301   34.5647
164 0.4   54.291739386   34.5647
165 0.4   96.145188872   34.5647
166 0.4   34.783519039   34.5647
167 0.4   2.0191246974   34.5647
168 0.4   45.543056582   34.5647
169 0.4   68.246007484   34.5647
170 0.4  8 31.10015292   34.5647
171 0.4  8 47.18485346   34.5647
172 0.4  8 115.6565971   34.5647
173 0.4  8 147.5443522   34.5647
174 0.4  8 87.72388224   34.5647
175 0.4   63.762074396   34.5647
176 0.4   86.534138605   34.5647
177 0.4   76.151574839   34.5647
178 0.4   28.755287550   34.5647
179 0.4   54.234863750   34.5647
180 0.4   95.818457565   34.5647
181 0.4   34.149868447   34.5647
182 0.4   2.0191246974   34.5647
183 0.4   45.368423625   34.5647
184 0.4   67.968465294   34.5647
185 0.4  0 31.10015292   34.5647
186 0.4  0 47.32513647   34.5647
187 0.4  0 115.0191310   34.5647
188 0.4  0 147.7157540   34.5647
189 0.4  0 87.23804692   34.5647
190 0.4   64.065470097   34.5647
191 0.4   87.262628627   34.5647
192 0.4   75.516691458   34.5647
193 0.4   27.991794799   34.5647
194 0.4   54.177988115   34.5647
195 0.4   95.491726257   34.5647
196 0.4   33.516217855   34.5647
197 0.4   2.0191246974   34.5647
198 0.4   45.193790667   34.5647
199 0.4   67.690923103   34.5647
0   0.55 2 31.10015292   53.123
1   0.5  2 47.46541948   53.123
2   0.5  2 114.3816648   53.123
3   0.5  2 147.8871557   53.123
4   0.5  2 86.75221159   53.123
5   0.5   64.368865798   53.123
6   0.5   87.991118650   53.123
7   0.5   74.881808077   53.123
8   0.5   27.228302049   53.123
9   0.5   54.121112479   53.123
10  0.5   95.164994949   53.123
11  0.5   32.882567263   53.123
12  0.5   2.0191246974   53.123
13  0.5   45.019157710   53.123
14  0.5   67.413380912   53.123
15  0.5  4 31.10015292   53.123
16  0.5  4 47.60570249   53.123
17  0.5  4 113.7441987   53.123
18  0.5  4 148.0585574   53.123
19  0.5  4 86.26637626   53.123
20  0.5   64.672261499   53.123
21  0.5   88.719608672   53.123
22  0.5   74.246924697   53.123
23  0.5   26.464809298   53.123
24  0.5   54.064236844   53.123
25  0.5   94.838263641   53.123
26  0.5   32.248916671   53.123
27  0.5   2.0191246974   53.123
28  0.5   44.844524752   53.123
29  0.5   67.135838721   53.123
30  0.5  6 31.10015292   53.123
31  0.5  6 47.74598550   53.123
32  0.5  6 113.1067325   53.123
33  0.5  6 148.2299592   53.123
34  0.5  6 85.78054094   53.123
35  0.5   64.975657200   53.123
36  0.5   89.448098694   53.123
37  0.5   73.612041316   53.123
38  0.5   25.701316547   53.123
39  0.5   54.007361208   53.123
40  0.5   94.511532333   53.123
41  0.5   31.615266079   53.123
42  0.5   2.0191246974   53.123
43  0.5   44.669891795   53.123
44  0.5   66.858296530   53.123
45  0.5  8 31.10015292   53.123
46  0.5  8 47.88626851   53.123
47  0.5  8 112.4692664   53.123
48  0.5  8 148.4013609   53.123
49  0.5  8 85.29470561   53.123
50  0.5   65.279052901   53.123
51  0.5   90.176588717   53.123
52  0.5   72.977157936   53.123
53  0.5   24.937823796   53.123
54  0.5   53.950485572   53.123
55  0.5   94.184801025   53.123
56  0.5   30.981615487   53.123
57  0.5   2.0191246974   53.123
58  0.5   44.495258838   53.123
59  0.5   66.580754339   53.123
60  0.5  0 31.28068163   53.123
61  0.5  0 48.02655151   53.123
62  0.5  0 111.8318002   53.123
63  0.5  0 148.5727626   53.123
64  0.5  0 84.80887029   53.123
65  0.5   65.582448603   53.123
66  0.5   90.905078739   53.123
67  0.5   72.342274555   53.123
68  0.5   24.174331045   53.123
69  0.5   53.893609937   53.123
70  0.5   93.858069717   53.123
71  0.5   30.347964895   53.123
72  0.5   2.0191246974   53.123
73  0.5   44.320625880   53.123
74  0.5   66.303212148   53.123
75  0.5  2 31.46121035   53.123
76  0.5  2 48.16683452   53.123
77  0.5  2 111.1943341   53.123
78  0.5  2 148.7441644   53.123
79  0.5  2 84.32303496   53.123
80  0.5   65.885844304   53.123
81  0.5   91.633568762   53.123
82  0.5   71.707391175   53.123
83  0.5   23.410838294   53.123
84  0.5   53.836734301   53.123
85  0.5   93.531338410   53.123
86  0.5   29.714314303   53.123
87  0.5   2.0191246974   53.123
88  0.5   44.145992923   53.123
89  0.5   66.025669957   53.123
90  0.5  4 31.64173906   53.123
91  0.5  4 48.30711753   53.123
92  0.5  4 110.5568679   53.123
93  0.5  4 148.9155661   53.123
94  0.5  4 83.83719963   53.123
95  0.5   66.189240005   53.123
96  0.5   92.362058784   53.123
97  0.5   71.072507794   53.123
98  0.5   22.647345544   53.123
99  0.5   53.779858666   53.123
100 0.5   93.204607102   53.123
101 0.5   29.080663711   53.123
102 0.5   2.0191246974   53.123
103 0.5   43.971359965   53.123
104 0.5   65.748127766   53.123
105 0.5  6 31.82226778   53.123
106 0.5  6 48.30711753   53.123
107 0.5  6 109.9194018   53.123
108 0.5  6 149.0869678   53.123
109 0.5  6 83.35136431   53.123
110 0.5   66.492635706   53.123
111 0.5   93.090548806   53.123
112 0.5   70.437624414   53.123
113 0.5   21.883852793   53.123
114 0.5   53.722983030   53.123
115 0.5   92.877875794   53.123
116 0.5   28.44701312    53.123
117 0.5   2.0191246974   53.123
118 0.5   43.971359965   53.123
119 0.5   65.470585575   53.123
120 0.5  8 32.00279649   53.123
121 0.5  8 48.30711753   53.123
122 0.5  8 109.2819357   53.123
123 0.5  8 149.0869678   53.123
124 0.5  8 82.86552898   53.123
125 0.5   66.796031407   53.123
126 0.5   93.819038829   53.123
127 0.5   69.802741033   53.123
128 0.5   21.120360042   53.123
129 0.5   53.666107395   53.123
130 0.5   92.551144486   53.123
131 0.5   27.813362528   53.123
132 0.5   2.0191246974   53.123
133 0.5   43.971359965   53.123
134 0.5   65.193043384   53.123
135 0.5  0 32.18332520   53.123
136 0.5  0 48.30711753   53.123
137 0.5  0 108.6444695   53.123
138 0.5  0 149.0869678   53.123
139 0.5  0 82.37969365   53.123
140 0.5   67.099427108   53.123
141 0.5   94.547528851   53.123
142 0.5   69.167857652   53.123
143 0.5   20.356867291   53.123
144 0.5   53.609231759   53.123
145 0.5   92.224413178   53.123
146 0.5   27.179711936   53.123
147 0.5   2.0191246974   53.123
148 0.5   43.971359965   53.123
149 0.5   64.915501194   53.123
150 0.5  2 32.36385392   53.123
151 0.5  2 48.30711753   53.123
152 0.5  2 108.0070034   53.123
153 0.5  2 149.0869678   53.123
154 0.5  2 81.89385833   53.123
155 0.5   67.402822809   53.123
156 0.5   95.276018873   53.123
157 0.5   68.532974272   53.123
158 0.5   19.593374540   53.123
159 0.5   53.552356123   53.123
160 0.5   91.897681870   53.123
161 0.5   26.546061344   53.123
162 0.5   2.0191246974   53.123
163 0.5   43.971359965   53.123
164 0.5   64.637959003   53.123
165 0.5  4 32.54438263   53.123
166 0.5  4 48.30711753   53.123
167 0.5  4 107.3695372   53.123
168 0.5  4 149.0869678   53.123
169 0.5  4 81.40802300   53.123
170 0.5   67.706218510   53.123
171 0.5   96.004508896   53.123
172 0.5   67.898090891   53.123
173 0.5   18.829881789   53.123
174 0.5   53.495480488   53.123
175 0.5   91.570950562   53.123
176 0.5   25.912410752   53.123
177 0.5   2.0191246974   53.123
178 0.5   43.971359965   53.123
179 0.5   64.360416812   53.123
180 0.5  6 32.72491135   53.123
181 0.5  6 48.30711753   53.123
182 0.5  6 106.7320711   53.123
183 0.5  6 149.0869678   53.123
184 0.5  6 80.92218768   53.123
185 0.5   68.009614212   53.123
186 0.5   96.732998918   53.123
187 0.5   67.263207511   53.123
188 0.5   18.066389039   53.123
189 0.5   53.438604852   53.123
190 0.5   91.244219255   53.123
191 0.5   25.278760160   53.123
192 0.5   2.6229176950   53.123
193 0.5   43.971359965   53.123
194 0.5   64.082874621   53.123
195 0.5  8 32.90544006   53.123
196 0.5  8 48.30711753   53.123
197 0.5  8 106.0946049   53.123
198 0.5  8 149.0869678   53.123
199 0.5  8 80.43635235   53.123
0   0.6   68.313009913   43.12345
1   0.6   97.461488941   43.12345
2   0.6   66.628324130   43.12345
3   0.6   17.302896288   43.12345
4   0.6   53.381729217   43.12345
5   0.6   90.917487947   43.12345
6   0.6   24.645109568   43.12345
7   0.6   3.2267106925   43.12345
8   0.6   43.971359965   43.12345
9   0.6   63.805332430   43.12345
10  0.6  0 33.08596877   43.12345
11  0.6  0 48.30711753   43.12345
12  0.6  0 105.4571388   43.12345
13  0.6  0 149.0869678   43.12345
14  0.6  0 79.95051702   43.12345
15  0.6   68.616405614   43.12345
16  0.6   98.189978963   43.12345
17  0.6   65.993440750   43.12345
18  0.6   16.539403537   43.12345
19  0.6   53.324853581   43.12345
20  0.6   90.590756639   43.12345
21  0.6   24.011458976   43.12345
22  0.6   3.8305036901   43.12345
23  0.6   43.971359965   43.12345
24  0.6   63.527790239   43.12345
25  0.6  2 33.26649749   43.12345
26  0.6  2 48.30711753   43.12345
27  0.6  2 104.8196726   43.12345
28  0.6  2 149.0869678   43.12345
29  0.6  2 79.46468170   43.12345
30  0.6   68.919801315   43.12345
31  0.6   98.918468985   43.12345
32  0.6   65.358557369   43.12345
33  0.6   15.775910786   43.12345
34  0.6   53.267977946   43.12345
35  0.6   90.264025331   43.12345
36  0.6   23.377808384   43.12345
37  0.6   4.4342966876   43.12345
38  0.6   43.971359965   43.12345
39  0.6   63.250248048   43.12345
40  0.6  4 33.44702620   43.12345
41  0.6  4 48.30711753   43.12345
42  0.6  4 104.1822065   43.12345
43  0.6  4 149.0869678   43.12345
44  0.6  4 78.97884637   43.12345
45  0.6   69.223197016   43.12345
46  0.6   99.646959008   43.12345
47  0.6   64.723673989   43.12345
48  0.6   15.012418035   43.12345
49  0.6   53.211102310   43.12345
50  0.6   89.937294023   43.12345
51  0.6   22.744157792   43.12345
52  0.6   5.0380896851   43.12345
53  0.6   43.971359965   43.12345
54  0.6   62.972705857   43.12345
55  0.6  6 33.62755492   43.12345
56  0.6  6 48.30711753   43.12345
57  0.6  6 103.5447403   43.12345
58  0.6  6 149.0869678   43.12345
59  0.6  6 78.49301105   43.12345
60  0.6   69.526592717   43.12345
61  0.6   100.37544903   43.12345
62  0.6   64.088790608   43.12345
63  0.6   14.248925284   43.12345
64  0.6   53.154226674   43.12345
65  0.6   89.610562715   43.12345
66  0.6   22.110507200   43.12345
67  0.6   5.6418826827   43.12345
68  0.6   43.971359965   43.12345
69  0.6   62.695163666   43.12345
70  0.6  8 33.80808363   43.12345
71  0.6  8 48.30711753   43.12345
72  0.6  8 102.9072742   43.12345
73  0.6  8 149.0869678   43.12345
74  0.6  8 78.00717572   43.12345
75  0.6   69.829988418   43.12345
76  0.6   101.10393905   43.12345
77  0.6   63.453907227   43.12345
78  0.6   13.485432534   43.12345
79  0.6   53.097351039   43.12345
80  0.6   89.283831407   43.12345
81  0.6   21.476856608   43.12345
82  0.6   6.2456756802   43.12345
83  0.6   43.971359965   43.12345
84  0.6   62.417621475   43.12345
85  0.6  0 33.98861234   43.12345
86  0.6  0 48.30711753   43.12345
87  0.6  0 102.2698080   43.12345
88  0.6  0 149.0869678   43.12345
89  0.6  0 77.52134039   43.12345
90  0.6   70.133384119   43.12345
91  0.6   101.83242907   43.12345
92  0.6   62.819023847   43.12345
93  0.6   12.721939783   43.12345
94  0.6   53.040475403   43.12345
95  0.6   88.957100100   43.12345
96  0.6   20.843206016   43.12345
97  0.6   6.8494686778   43.12345
98  0.6   43.971359965   43.12345
99  0.6   62.140079284   43.12345
100 0.6  2 34.16914106   43.12345
101 0.6  2 48.30711753   43.12345
102 0.6  2 101.6323419   43.12345
103 0.6  2 149.0869678   43.12345
104 0.6  2 77.03550507   43.12345
105 0.6   70.436779820   43.12345
106 0.6   102.56091909   43.12345
107 0.6   62.184140466   43.12345
108 0.6   11.958447032   43.12345
109 0.6   52.983599768   43.12345
110 0.6   88.630368792   43.12345
111 0.6   20.209555424   43.12345
112 0.6   7.4532616753   43.12345
113 0.6   43.971359965   43.12345
114 0.6   61.862537094   43.12345
115 0.6  4 34.34966977   43.12345
116 0.6  4 48.30711753   43.12345
117 0.6  4 100.9948757   43.12345
118 0.6  4 149.0869678   43.12345
119 0.6  4 76.54966974   43.12345
120 0.6   70.740175522   43.12345
121 0.6   103.28940912   43.12345
122 0.6   61.549257086   43.12345
123 0.6   11.194954281   43.12345
124 0.6   52.926724132   43.12345
125 0.6   88.303637484   43.12345
126 0.6   19.575904832   43.12345
127 0.6   8.0570546729   43.12345
128 0.6   43.971359965   43.12345
129 0.6   61.584994903   43.12345
130 0.6  6 34.53019849   43.12345
131 0.6  6 48.30711753   43.12345
132 0.6  6 100.3574096   43.12345
133 0.6  6 149.0869678   43.12345
134 0.6  6 76.06383442   43.12345
135 0.6   71.043571223   43.12345
136 0.6   104.01789914   43.12345
137 0.6   60.914373705   43.12345
138 0.6   10.431461530   43.12345
139 0.6   52.869848497   43.12345
140 0.6   87.976906176   43.12345
141 0.6   18.942254240   43.12345
142 0.6   8.6608476704   43.12345
143 0.6   43.971359965   43.12345
144 0.6   61.307452712   43.12345
145 0.6  8 34.71072720   43.12345
146 0.6  8 48.30711753   43.12345
147 0.6  8 99.71994348   43.12345
148 0.6  8 149.0869678   43.12345
149 0.6  8 75.57799909   43.12345
150 0.6   71.346966924   43.12345
151 0.6   104.74638916   43.12345
152 0.6   60.279490325   43.12345
153 0.6   9.6679687799   43.12345
154 0.6   52.812972861   43.12345
155 0.6   87.650174868   43.12345
156 0.6   18.308603648   43.12345
157 0.6   9.264640668    43.12345
158 0.6   43.971359965   43.12345
159 0.6   61.029910521   43.12345
160 0.6  0 34.89125591   43.12345
161 0.6  0 48.30711753   43.12345
162 0.6  0 99.08247734   43.12345
163 0.6  0 149.0869678   43.12345
164 0.6  0 75.09216376   43.12345
165 0.6   71.650362625   43.12345
166 0.6   105.47487918   43.12345
167 0.6   59.644606944   43.12345
168 0.6   8.9044760290   43.12345
169 0.6   52.756097226   43.12345
170 0.6   87.323443560   43.12345
171 0.6   17.674953056   43.12345
172 0.6   9.8684336655   43.12345
173 0.6   43.971359965   43.12345
174 0.6   60.752368330   43.12345
175 0.6  2 35.07178463   43.12345
176 0.6  2 48.30711753   43.12345
177 0.6  2 98.44501119   43.12345
178 0.6  2 149.0869678   43.12345
179 0.6  2 74.60632844   43.12345
180 0.6   71.953758326   43.12345
181 0.6   106.20336921   43.12345
182 0.6   59.009723564   43.12345
183 0.6   8.1409832782   43.12345
184 0.6   52.699221590   43.12345
185 0.6   86.996712252   43.12345
186 0.6   17.041302464   43.12345
187 0.6   10.472226663   43.12345
188 0.6   43.971359965   43.12345
189 0.6   60.474826139   43.12345
190 0.6  4 35.25231334   43.12345
191 0.6  4 48.30711753   43.12345
192 0.6  4 97.80754504   43.12345
193 0.6  4 149.0869678   43.12345
194 0.6  4 74.12049311   43.12345
195 0.6   72.257154027   43.12345
196 0.6   106.93185923   43.12345
197 0.6   58.374840183   43.12345
198 0.6   7.3774905274   43.12345
199 0.6   52.642345954   43.12345

